001 0 e18e71bf-0c9f-4e43-b27b-973c1cd08807 0
001 0 7917614c-ac87-48ae-b474-272db0b8329b 0
001 0 3d69772d-d44d-45ca-afbe-40b7da7db44f 0
001 0 32166589-daad-45dc-8e08-ec00d8737684 0
001 0 47f004f9-360e-40d3-90a4-8bd2ce88bf03 3
001 0 fb6983b0-e1d5-4065-8c84-b3a36241b553 0
001 0 b9ce0e55-03a3-413e-9dc1-98730c58a889 0
001 0 9ab01ca0-84d5-4c56-b733-97c5d8ab52e2 0
001 0 9511023a-57fa-47a9-9772-cf498f725c75 0
001 0 86e8d875-8e43-40f7-9add-fcff756c4b03 0
001 0 c58dcc37-cc0d-461b-a02f-8e51fea4dfcf 0
001 0 620650e1-fb90-405f-b59b-e1339baf3ba0 0
001 0 a4be433c-ce49-4133-b5b2-2b838f43825c 0
001 0 f7fb3e8a-0691-4b28-990a-973b679c1bef 0
001 0 0c8d0071-1adc-4e3f-9348-b721960af3a9 0
001 0 477e39b8-6459-4e59-9d13-67ab41f51b0e 0
001 0 e6470c7d-f1e7-4dd1-8125-009cff82b4bc 0
001 0 d4ed174a-cd24-44b5-8181-dd69b9cce166 0
001 0 080a3752-4a4a-4fdf-8f66-c347b5039cc1 0
001 0 eb00e10f-a076-4b24-8ffa-2da13b795ad1 3
002 0 e18e71bf-0c9f-4e43-b27b-973c1cd08807 0
002 0 7917614c-ac87-48ae-b474-272db0b8329b 0
002 0 3d69772d-d44d-45ca-afbe-40b7da7db44f 0
002 0 32166589-daad-45dc-8e08-ec00d8737684 0
002 0 47f004f9-360e-40d3-90a4-8bd2ce88bf03 0
002 0 fb6983b0-e1d5-4065-8c84-b3a36241b553 0
002 0 b9ce0e55-03a3-413e-9dc1-98730c58a889 0
002 0 9ab01ca0-84d5-4c56-b733-97c5d8ab52e2 0
002 0 9511023a-57fa-47a9-9772-cf498f725c75 0
002 0 86e8d875-8e43-40f7-9add-fcff756c4b03 0
002 0 c58dcc37-cc0d-461b-a02f-8e51fea4dfcf 0
002 0 620650e1-fb90-405f-b59b-e1339baf3ba0 0
002 0 a4be433c-ce49-4133-b5b2-2b838f43825c 0
002 0 f7fb3e8a-0691-4b28-990a-973b679c1bef 0
002 0 0c8d0071-1adc-4e3f-9348-b721960af3a9 0
002 0 477e39b8-6459-4e59-9d13-67ab41f51b0e 3
002 0 e6470c7d-f1e7-4dd1-8125-009cff82b4bc 0
002 0 d4ed174a-cd24-44b5-8181-dd69b9cce166 3
002 0 080a3752-4a4a-4fdf-8f66-c347b5039cc1 0
002 0 eb00e10f-a076-4b24-8ffa-2da13b795ad1 0